ISBN
3596169658
1417784849
0743284674
0399149147
0891341137
0859974669
0671017411
0449147770
0140052771
0865714827
2721002708
0786505419
2035832063
1402213948
0439962110
0805300910
1599901978
0573601046
8878188808
0825305187
0151012741
0807817635
0460870947
1433214296
0199536848
2020479907
031214752X
3423210796
9681647289
0446403989
3551581738
1423106407
2723428583
0312385293
3899414500
8498168783
0613714342
1585470406
9023421914
1847371302
0385729758
0027111008
159558353X
1585473987
1597223174
0340286458
0671201530
0312962444
0439967139
0816137870
0739321196
2845994885
0521235030
0688089445
0316328863
0460101188
0394580117
0552155780
1400102367
0448025442
8466629556
1421516047
1417764406
1427026157
0439928257
0918518652
0739416405
0889221901
0380752115
141782235X
2890514188
0783890036
030739199X
067101532X
0156722488
043994404X
1841198129
0712674896
0751541974
0099506459
0140058966
1576737462
1880507692
1417772654
1417763671
0773516115
3833214384
0385123388
031226660X
0613292448
0006547273
0879238380
0743260953
0345329597
0704300265
2218925923
0060083980
2221097068
9681335260
0451135598
0385342519
0312380216
0709173148
039460508X
0708881025
0671873113
3548601359
1598592955
141776662X
0394884663
3442075556
0887347991
