ISBN
072323485X
160283301X
0800717813
0451119258
0671026216
0061284742
1434484947
1568958935
0593052803
9079208019
0374261911
158345733X
0192754844
1425030017
0425155781
0515075000
226507196X
3596127386
220750137X
1582975329
1570983046
0060965673
0375915524
142310921X
0545013232
1587613379
0573012148
0060742763
0373772793
0801840333
2744164488
0340836911
9700511340
0816148686
0548154694
0380977885
2907217453
0802456529
0521226821
1555422136
0425220605
0345433270
1405050586
0307161781
2251730230
2840115522
1857996623
084997612X
1557429391
0439671736
0670020532
2845383746
1555972284
1604244097
0061315540
1432562185
1400076102
0345016521
014011405X
0439252954
3423086211
1852422084
0835955427
3794160649
0152305513
2070335216
184149707X
0486425118
0553470736
1406310255
0451222660
0060840870
3150596238
0140500472
0062501623
1847391591
1406847046
0816147930
0027379108
1405880384
1590583825
0380797399
0603517676
0440404401
0434010499
0373285698
1428169970
2846071039
0399215441
0403011566
0099984105
9681520920
0312241135
3827414849
0742641317
2020285339
0143113305
159998315X
1410404013
3473348783
5941280017
1594971986
1605971162
158621599X
0374531234
0671523104
880433374X
0783885024
0688003214
9545854227
0434018031
1407103024
142152192X
0613099338
2253122920
0060235152
0440237629
0739357352
0786018011
0590426729
2070376818
3442086558
3442720435
1571133801
1594867585
0439982243
0060754230
055311722X
0749936924
0883551047
0679402551
0156551063
2012003567
0060291680
223405219X
1400000912
0753169649
0451225090
1843549166
8466620842
1563089866
0732278678
0740773348
1568955952
1410405729
1435277791
3810508853
1843549166
140650159X
0380973340
1856866874
2264038519
8466616225
0743570952
0890515492
0974239011
0765361183
0606160612
0061345695
0613229487
071399701X
1421525984
0880706112
0061287512
0865716315
1563335271
0312947917
0786241934
2803611015
2258067219
0135145791
1551666316
2253142549
8448037154
2864245418
2221088484
0679602755
2290338559
1578561094
2266074393
0739471112
0517565099
0843955074
1550652397
0393030962
2070519945
0590467352
0571214126
1416590889
0385662874
1568950357
0312855176
1597226297
1597376175
039566490X
0886462908
0862201160
0448449072
1406520780
0440486777
1416589937
8441403902
0330442244
1423311469
0786268883
3100108345
1419396129
0448054558
0755332806
0686550420
0061662372
1605121614
2871297118
0405092164
1559580917
0060813040
3894874759
026320474X
0246137908
0061288756
2903951098
0755334825
0133554880
0743236130
1575660938
0759561427
0884480828
0395148057
0786218320
0767902858
0786700262
0007149522
0140050019
044630039X
1417738286
0690185626
0911378200
0399155368
0712653201
3421058938
0722523106
1568955308
0553495089
0312425775
044920636X
0732284511
1589770544
0439944015
1845296788
3505118796
0156528401
0671719742
0670528315
0312485131
0345285034
1843172895
3453160835
0060193158
1842125362
0689859864
0590638750
0316001783
0816162964
1880685426
0978687485
1565126025
0732284775
0785741836
1401219578
0553472763
0765316323
0460871250
0881138053
0786296240
0312870000
006168807X
0749079517
1423333667
0553524992
0345284267
0140313850
141765905X
0007276281
0470253126
0732278678
8496581985
0833524534
8374692723
159737301X
055381835X
0613961684
0783887752
0465042813
0394420586
044652381X
8498002575
0862922313
0743571916
0316727245
8496692388
0783884052
0805206922
0373768931
0345506189
1880684063
0061438553
0446516244
078382002X
0517361531
0385326041
0060897929
0061094781
0460870378
0143185500
3478211506
0099317702
0552992585
1592404286
0606033947
0586207163
1416550542
0446674567
0373772955
0375923780
0606045554
0803203578
1585673552
0743494024
007049603X
0451531175
1847382320
0786197684
1421517337
0448090740
1602063486
0809567369
1603128980
3498068520
1590072596
0553089889
0670863602
9706437703
0060006331
1416583785
0689878265
0553502565
0452289130
0394804996
044640070X
141140324X
0679762310
8437605776
0425138151
0152017984
0786198184
0874778247
075382339X
1568954956
0394442911
0385294808
0571221076
0061001058
0571215610
0312380038
8408067559
1423321669
0872864553
0192837052
0792728033
0345260732
1857150996
0671666843
0394555716
0684846357
9774247884
0415285836
4088735161
0061257281
1576838404
1596591013
2705657797
1590580222
0439671515
2253050520
0743552091
089621639X
0312176376
1856811921
2352941717
0394845420
880781000X
0670034797
1932076182
0670879665
0813512956
0670831379
352770213X
1587671387
349229183X
031602029X
0895776979
2253072370
1406554634
1421517221
0758203616
2266082949
2080708120
0743571878
0900948078
0743468600
0753179555
0801438187
0061467758
0375500812
9626348534
1843650959
1416532226
0471680575
0517029359
3551787832
3552053816
0425090418
0786265612
0198297580
3822802913
0060291583
0192815253
0674601017
1845295315
0345458362
1593761775
1415901287
0517185210
887824225X
1406551422
2221503198
3865911447
1406307319
0842319336
0061573973
0553108174
0691050538
0691062781
0551012188
1417672153
3404155483
8804572353
0312271204
1402214529
0553528556
0439243211
0552097977
0971880123
0061140988
0816153167
0192500317
0684142074
0230700403
0060393866
0448433141
0395111552
0441016073
1550965492
0312945159
1582462461
142646777X
0552144738
0310212146
142310157X
0865160627
141770151X
1843650959
1414315392
0684177730
1417697687
0783556764
0786145994
1401222056
0140445579
0786202238
073931257X
1410406407
0749322217
1844424243
0727816942
1841155691
187398278X
0060199326
1595583262
1410406385
1593693532
0297851977
0192797905
2702481116
351838113X
0718153898
0486234649
1568954654
081293217X
8497931254
1871118727
1846052505
0785127097
2264032022
0765358085
846631234X
0606003037
1405880341
0787955353
2253015768
2253115843
3442362792
0816146683
0060185481
0345242122
0552154903
0701166908
0425195198
226507344X
2702121853
3518399829
1934781096
0316060003
0340896620
207057699X
1596059419
3442310148
0807554383
0471351903
0307394549
0747251010
1934768081
2207253813
1847370896
014132113X
1582975329
2070567842
0670856762
0394826256
1846371740
055371452X
2844120296
0233971408
0743217683
1561643947
9682710340
0345464230
0816149739
0896081656
1423328671
8466625887
0861632885
0829749969
0435224638
0060282029
0890962421
1559277378
1416535985
0393002837
0786261854
0451525132
1589661605
849351019X
1400108500
0593047583
1841957917
0425221598
0937295485
0805206922
0759529442
0552154903
2207250490
0606036911
8439720408
0701137703
1599614146
0399247300
1572702362
0061582727
0007270178
1860467288
0143057693
0394741080
1602853231
0099498561
0553268597
0448424444
0553385682
0140181660
3453433173
1414315341
0002224984
0552142239
1603127518
0785955755
0394712528
1410405443
2845386540
1427809313
1582340633
0393040119
0307350460
0192816756
0349121087
0746093365
1604592036
4088766377
0553384341
0786222646
0786888172
0345487176
0786806176
1857239733
0460871854
1891867482
0140455523
1423451147
2020262983
1402213964
0060171510
0691018537
0767998820
0881137936
0874778247
0553588087
0446674567
0440500311
0434008222
0786005467
5352000443
2070516482
0828314454
1420100467
039306722X
0061086878
1406847372
0297748300
0224031007
0883560089
0525943358
193335447X
0553700588
1594132666
0765318261
1406596167
1434633888
0470596139
0471465089
0755342917
0061709506
0385506252
9782253154
1421526786
0394724399
0099411512
1417823089
2020060736
0822493446
1574231677
1602526869
0452009782
1432576518
0349117241
1416541543
0385904630
0399142894
0892551348
2268049337
076113963X
0307246116
0099520184
075822849X
0814706983
0675094445
1602833567
0719016290
0152305513
0316289809
1568956495
202025025X
1406508837
0786291281
0375433856
0486452115
0385198485
0395597706
055317505X
1843628635
0345281659
0764203983
0030573122
0061734861
350747011X
1881273520
1847241549
081672895X
0719101514
019424234X
0061252735
0140093702
0765317443
1585674826
0896214672
1604244704
0500278679
0373970188
0679409793
8408073672
0525950966
070912774X
1858818257
3442361818
0340920580
0060578130
034541845X
2020259222
0151006962
0441015654
0671666843
0853454574
3442365155
1930928327
0613340086
0545003083
4592180895
0061122742
038097469X
1595821783
1403156883
0140063811
0670314943
1578660769
4088731972
2845997027
1436104939
0471232920
1406840556
0060722061
270712642X
0394520211
0553526189
141766360X
0571206999
1859150160
1575000512
073934093X
009947252X
1593976070
0768427533
0891305580
1596914076
0316113913
4091400027
0007241151
1401906958
0965231224
0375838104
1596445351
2020340402
0385238908
0151001227
0330431528
0606002731
3794160649
8374691859
0575083077
1604500506
0143054902
0307274918
0739319639
0618959734
0606018506
4088478363
0743527887
0877730253
3570134970
044022604X
0446617903
0613889045
0060737883
3453012011
0833509640
0345471628
1582346151
0460000179
0140126287
0865711488
0606254536
0517595990
0140119809
1416953701
0002551969
1405502746
1846271320
0816159645
1560547707
3426624753
0971880123
0684809346
0613357183
0874742153
0862202515
067160256X
0783890508
226403095X
007282574X
0855610980
0606014276
0312388950
0446612952
8845290409
0786215186
0671576305
1577941063
142151723X
1604590297
0877957584
3257225903
1416958088
1585476226
0712671501
0451609964
1587248891
1400039452
0060179635
0582331714
0452289564
2253120383
0141322535
2702400752
0767928083
0385262566
0870714171
3442243386
3596128080
0099479036
0140867163
0593047591
2253049115
9875662380
1853814717
0771061552
0670308382
0140126023
8495311321
143449344X
0140170006
1417750812
1410410382
1602390851
0060140984
1562920324
1434400360
0451180755
0618070206
0297855204
1410103927
2871421366
0786292997
074727245X
1416954155
8804471948
0749395087
9707773200
0440219604
0710078218
0553155180
0345332121
0374531269
0440449774
0842375244
1410403726
0606049878
0671753002
0460873261
0618247270
0151443750
0778325075
226507196X
0152062106
0684153637
1421930323
0425039439
0307206564
0874401356
0330468421
0060854049
1417784083
0786018178
0099521172
193456835X
2012101534
0552094986
2080711431
0312380038
006025274X
0744556376
039447144X
076422879X
0613101278
2253112445
1602064571
0814775063
0946626324
3442357985
1585473499
042507448X
2743603127
0195067517
0141032545
0425223043
0828844208
0803281188
0689718241
2266152696
0786297336
0842375260
2226110380
0091920701
0099522519
0593056558
1556611919
0575068957
0061575224
1421833670
1596591641
8466617175
0671442120
0786261358
0061474290
0393924661
0375935266
9875740667
0938819844
0582084849
0679449159
1401916279
044619896X
1400025451
1572703849
0373772599
0375408673
0385475780
0449901858
0743474201
0786228709
0886775906
0330452215
2803604515
0812533720
0312370229
345302284X
0091886724
0783897782
0006393098
0399238662
0719043255
0345448308
0548197555
9792204810
0471593915
0808593374
0152064087
0307264939
0575070250
3458327339
8497649036
0613633040
1406840556
1904442609
1559279850
1594836132
1401303714
060960225X
0373302266
3257203136
0778325784
1602834466
8804532580
0830724311
0786297999
0199227071
1417660953
0676977987
0811849570
1599611511
2742775471
1435209591
0786888172
083714311X
1404113371
0373831102
1416556036
0606056556
1432624806
0199536813
0679991409
1417669284
0548008698
0393030377
0141037393
0743217527
0816137935
0060803487
3423622059
8497931300
0878339825
0140350160
0803258364
0715636235
0201039672
1434647536
0586060480
031214699X
0863150500
141655243X
0553819127
8845207056
2070334414
0263154033
1560547693
0099888408
1400107881
0877191360
0807009482
0316037397
3404205286
0460872591
0345508041
0833587560
141694804X
0670804401
0878688943
3442362792
0674202902
0141032545
1568957416
0373071604
0708984142
0060586877
1406528099
0770429262
1591163617
8483280264
0882950924
074344325X
0142411671
0375914226
0862411211
0786282843
1841959596
0606206736
9061698324
0738203696
0881034207
0786247444
0553714791
2013218923
0891096582
0552555630
038517120X
1568950837
1417658878
0352345020
0879977876
1416587829
078625033X
0297793950
1579127398
1554680654
2747525538
2727700008
0460871838
0792716051
1406545759
2070776182
0553158848
035620233X
0895263637
3770461312
1560540214
0807009482
3822882631
8425326060
0425225674
8807814935
000222853X
0451516265
0613359380
0754048985
8466625887
0976805448
8496129594
0816152977
160450000X
0553095161
1600092942
083982694X
0670063398
0553208462
0762435771
3596900662
0297851977
2070361292
1587247844
0099485222
0393085724
0441115950
0595700152
3426624427
0803725663
0520024788
2266039709
0440494850
9507396349
1419308017
0843957875
2253121991
0786225424
1852691298
158542627X
067172858X
0060548924
0307388026
8807809672
1423104943
0548207380
0345501284
0786016612
0545022207
0425067807
3401047205
0312119372
0312858523
8804488255
0061472549
0413157202
0345507002
0307382915
0449207277
1420928961
159362140X
0007174128
0912376015
1425012663
3401050591
0071548335
3930219581
9573211254
8466368906
0698307267
2743601736
0881133159
1419105361
0007193661
0786262389
0192802453
140020223X
0613334736
0448446987
1604245050
0786242205
0786216948
0071603271
031238369X
0765315963
0553566156
0385732414
0810927020
0451119576
0785914927
0373285663
0425031756
0393057011
0345502833
0545078555
9750703707
5699051570
043998162X
1419677624
0439925363
342321015X
0786866004
0060188650
1417682116
0590437216
1559278633
1847490441
0674785258
1556613288
0671459600
1587880156
1551665026
0843941987
3502513538
1602851255
0739354574
0070477604
082404584X
0743552075
0765304007
2845995326
0613220242
0872432629
0505527502
0761515054
1595690794
0394457846
0517033895
1400104181
1600244343
0141391189
0140058265
0670801399
8496290379
0439706300
8466620168
0783890710
0979984726
0553292447
0879757027
0340934026
0671653555
0738713708
0425223272
0380709287
0060759402
0545005426
1900850710
0060544422
0394951328
0399148892
8408050281
0440244692
0816147906
1903985048
0192815490
0345343743
0007275013
0451401824
1438257244
0393931390
0297855204
0606008462
0553526383
0375830731
1582408793
0839827113
3293000886
0345533291
0029226309
0060922516
1433215632
8205206848
0701112530
158240965X
0670278807
3866471521
0449005569
1417654848
0606198040
0312194943
0307392023
2845803818
0061567418
0828849277
1569710716
0064430707
8466368256
0425222381
0140054944
0613170768
1406533661
0694515779
0373832907
1417748362
0785275967
060625921X
0759529833
0452265770
0747274029
0195027779
059042565X
1401216625
9870408036
8483463229
1595823662
1421526786
000225414X
207053779X
2221099141
0441816975
2723453685
0743552091
8807818981
1559272902
0670882658
1857997492
079271654X
0446302333
0471093319
0552130885
0140046631
1905117841
0850318440
0747231699
0140046968
208072181X
0586058486
2020147629
0375404171
2505000972
1603126287
0753711788
0192815504
0192831658
3426637286
0849912989
846636952X
0613495292
0829753494
0440495563
9626343443
0131195026
4063720500
0373079060
0375837337
0451224795
184232683X
2253009873
0613065697
0762430850
1557425442
0553090135
0613717589
0515099538
0759204543
080544730X
0814632033
1605971456
1414321902
0824020766
0802143679
0553267167
0192816365
0060892080
080544730X
140504117X
0450424677
2702413935
0786254882
3205773519
0385736037
2723431584
0142411531
9681911032
8432231339
0606168850
1419387251
0715636235
8804492929
1590388984
0091146100
0233988424
089598699X
1417644591
0812534670
0393008894
2207259323
2264032928
0385172044
0393332357
1605974390
0385408587
1405001127
2204045888
1419362550
1423101146
2266178954
8804468645
0374235317
0671891820
0760791120
0785755411
0330201018
0397011911
0671524380
0712629440
9024702216
039913493X
0300119097
055347703X
8500008032
0312258623
0440145929
1417750812
0871565919
071266694X
0800708865
0471057126
0001720236
1434492826
0470325151
1569717575
0061470775
2876915189
2290309427
0345246047
1605040118
0745953263
0786800364
089340649X
006168807X
1419354809
0066212537
0195013522
0195116631
2253119326
0373794398
0156026112
0786212845
884591819X
0471170550
0760750769
0755344774
2266087657
0060194138
1576734013
0263128237
1417784083
8845227456
0801068258
1589267095
0553817981
0521562171
0807133752
0739435094
0816152349
0919981178
0786251522
0060081651
0453006280
0006391354
0060502509
0375915524
0373337922
1417729287
0553585827
1568490100
0754053350
0380008971
1421515644
0816144028
9681520637
0446519898
0140071148
0316033286
2277219274
0816147140
0143028294
3498068520
0373221363
2203007753
0754019063
0448195453
0805088474
037323497X
0590434136
0679452001
0061563102
0671004018
3570200809
2846261431
3781752453
0395148057
0380798352
0545037425
1602834369
0451224744
0770423094
1434625974
0553526103
1419952196
0786225424
1596445009
0770422381
0425046400
0747555001
0385908822
1847390471
1850576440
0747549656
1932131116
0739321617
0141442301
0199299021
0099497891
0385524382
3865806732
1416547584
0843960361
0938317814
0393924661
1602851883
0425217159
0375846972
0913165662
0862411211
0312384181
0553259970
155970778X
1405092041
141140324X
0345398750
078513249X
0786214384
2070460479
1416940014
968190687X
0704310384
0786212632
0141010193
0590439685
0312873883
0006177808
222606298X
006014761X
0520051084
3518388762
4091308546
1565630106
3499331586
1406567760
1590305000
1844165558
4091860818
8493544817
0521095042
0727845438
0521265436
1897299508
1853311049
0198751605
0025455702
3442462509
8496370380
0811214214
0814479405
0786281057
0786239271
0771064497
0816131716
1416950583
0263148866
0743490428
0877953589
2211037828
0446618195
1596433558
0785128468
1568581629
0847825531
0156004836
0316639710
1555612326
0718153413
0767919505
3608938117
1426407602
0425098729
0786252154
0553815210
3401050621
140650064X
0606217959
0373274262
0553214349
3378006854
8408020943
8408059440
0739365169
1594835667
1568955081
0312978839
1568951264
1846164915
1587670119
031237576X
0704347490
0783894503
0451515269
1433502755
0917201671
1561387428
0435130544
8466617272
8488730039
0061259470
0452257654
0786206187
0027780120
0451462513
1844082512
0671642782
0312384335
3548257011
3802581318
0439944058
1600969143
1421808536
019282659X
0821211315
2253141178
1603760644
0192815636
0899683851
0465003575
0385614802
1417764392
0545027276
3596510104
1417626518
1416939156
0590187554
0316323187
2264038357
0860517586
0374531358
0452256593
1605120006
0743529898
1438257244
1595546308
1594623570
0151739269
0356108163
1596440589
0590436597
9707750685
0141036486
0701126671
9879923960
0399144056
0142411906
1595477578
1558002626
0606345108
0002217384
0671519964
1423326628
2845384858
0756905400
1402210876
0849942454
0755314883
0316181668
0333466322
1400155371
8466614664
0436458012
0307264939
0965881172
0808518968
0786220236
3608944427
1558583998
1585476870
0099502526
0802798306
0586057439
1602833516
184588082X
0871202999
3473348805
2265074551
1416544364
0545007240
0689801491
0007276141
0312428138
092923975X
0061451614
0781735114
3453530632
078621788X
1595543759
0816152780
0449223094
0316511684
0140449728
3570126927
0099521172
3150153220
0345332849
0830724311
141351491X
0613665406
0553267779
1426487541
0718143086
1414310196
0345444213
0345372700
8466631747
0778325164
3442364388
0670815845
0440409470
1419956388
0345433327
0001720635
0140097155
0688155480
1417769033
0786905263
0739371533
3453720830
0435124919
1426818629
0061243906
0590459155
0061624977
0881139173
0316284416
0553239201
2070335216
0061243906
8437501067
0743437829
0061375438
0452285283
9770915343
1597226890
8408021400
0786291281
141775737X
0448433117
1569719926
0783818394
8497596196
078625873X
0060522410
1417666161
019283116X
0330258516
8483023210
089621592X
0746093365
078078779X
0140232303
2020472422
0719078253
2253053678
0606038094
0553479563
0521094739
0785123601
1587240815
0754093492
8445070592
0575077743
0789917009
2913372627
1417680903
1596326204
006052636X
0586025189
1586481843
0373575386
1570620253
0340628103
1423338243
060605779X
1406539023
3455093639
1416537546
0755320611
0805086692
0405100426
0394559800
0374531331
1554681561
2020679140
1417652381
0573692556
0688146562
0385322240
0785128468
226611056X
4396762402
0802114229
1850436142
0816146926
0786260769
8472456307
0749927658
0470212721
2859405143
0449234681
0233981047
1598561405
0373234171
1417681187
2266062808
0739306766
0385301227
0770422659
1421901315
3899415000
0061379743
0517571951
0452007747
0606341609
0517005034
039304081X
3518022946
089865470X
1425513816
1400102278
0312253265
1417764384
1434615871
0670826944
0826405851
0571173896
1568461372
071678646X
0689715803
0884198073
0679410643
0307392023
1421520087
0143143166
9580472602
055380135X
2253135909
0340653213
2265083704
0140600094
0892964677
1400039452
1426407602
3570008738
342312752X
0606007296
848383054X
3498000802
0575081902
1576582604
0606303715
0151791503
1857542932
0385336462
0439683270
0786251352
0786865652
0671628828
2264041838
157062724X
0843957506
1581580223
1410406407
0553264664
0142410403
1405630167
842724911X
1401203698
8374691050
4592178076
0759584788
0470279877
0739357891
3518371681
1417672595
044652946X
0385136048
0192813013
0345433084
0385050771
0552146854
0394299507
0060669292
0900948434
0330341634
8804510692
0446619132
1417761458
0743507002
1595543244
0613496477
0425223043
0747559996
0792713664
077832186X
0613215109
1599987090
0839824513
1417757795
0674030702
1559050926
0783816804
074322910X
1587170930
0785131922
3499242338
0312286457
0689867158
156931697X
1847391486
0873953614
1401309496
0606168850
0708910513
1585479632
0425061868
0679419527
0099513064
076364045X
2070567842
0394443411
0756404843
0060737557
0425076563
0739357948
0517709163
057507888X
0749937211
0500287198
0764205927
0143055682
030765785X
0375940987
0803730411
0613656539
0553249754
9024554136
3717540092
080853601X
0446535869
2070407594
0006134564
1565118375
345319912X
0460877836
0785263330
2070543633
074348827X
2203011130
2277241792
0099484250
2221503198
0345389719
1400303508
0765351781
0865160627
157322118X
0806642823
2070702383
0060845473
1582407630
2070496066
1596432748
0451521897
0312480776
159547997X
9700518124
1589268849
0738713597
0553214535
0060802162
1599984385
1417769262
0385053746
0760792208
140654616X
1405862513
0375849769
0385306776
0606332367
9061698324
0140505350
0297853384
2234022622
0786250518
0747262837
0743579291
1434604705
0606294074
0783811659
0801429072
0786229799
0883355795
0099514664
0345447557
0394953339
0415098777
0747549656
0385515340
1570629641
3492242588
0416695302
031236668X
091294644X
0843138203
1587884399
0606008233
031601432X
1594623929
0425223833
0735204365
8423687198
015205720X
0061650757
8495808854
0517439999
1416541306
0553455958
1406501115
8496546969
0552140708
0394297415
0312377088
0770427480
078622231X
0916870774
0765305402
0312755058
1405231270
1587888432
0140012729
0517343843
2723452522
0785702903
0679453016
1587888750
1604593261
0671576305
3453503732
0545053404
0340597658
0439925363
0446522856
0786279400
0712698450
8807811952
0451163559
0060787651
0449133494
0374531528
0312063091
0297812181
0425188175
0497253100
0755304330
0743509048
0786258675
8426414443
039912764X
965006026X
0099566508
1417769769
082970485X
0688104142
0755320611
0385327722
0679309012
0824049985
2082125297
0582060249
157566707X
013713259X
0152060200
0686539303
0679413561
0783893760
0803755317
0747258031
2020330334
2265081213
0755334868
0786236035
0373254776
1556611609
0385419961
8560281428
1417729090
0590470159
0449235114
1417737743
0606329552
1852869836
0553053620
202025025X
1903155460
160283301X
0312139187
3426621053
2742754296
081296750X
0613897331
0553402749
0385658192
159555131X
0007240902
1433502089
1423107594
0671578758
1410408302
0877844410
0985280700
207030857X
1572703113
3518392611
0606305874
1416555501
0792728556
1435326776
0786170697
0747579547
1409913589
1417662883
088011438X
0450036928
1596432748
0425030717
1406812757
1846161916
8437605962
0816145121
0441799728
2020666839
8427025793
2234060478
0671019619
9688533769
0385480547
0843951354
8484531287
0553478974
0860683532
0140103368
0340921803
3442364906
1416912282
0671775014
1590862112
5871350526
0385337507
1406597503
0907746160
0060565535
1599988844
0545070910
3822859419
1419916882
1421996286
0262010771
0671719394
0786148691
1594629331
0061142778
0385340133
1593079214
3538068925
0312445571
0330285610
0375855734
0760737932
3551756538
0375827528
0486454568
0312128126
371751024X
3789161829
382700683X
000726769X
2080720171
0786216328
0553566601
0060778415
039452568X
0440411424
0679771468
0375407472
0439813743
0345513584
0140350918
0571240232
2846071039
0435900293
1597224936
3596139538
073944235X
0307351106
0786297689
0713995661
0571225675
3899409736
0812925327
0312190662
1604245352
0425227707
0525950559
0140455523
0871138972
0545042208
8478712305
0972309500
0380771829
8804470801
0340923148
0061448753
0316036129
1576738507
1595478647
1551660628
0545068657
1568655711
0061571164
3423110481
0613350014
0523480695
0823413314
0312181213
1405088834
8432219940
0446310018
0743200799
0941051153
0425223566
1934501050
0802170528
1416905243
0553242180
1410406776
0823418189
0099432498
0743493478
0385526210
0679431780
1604593490
2020015544
1853266760
0152560254
1400158265
1401218555
0140000682
0553586092
1573222216
0471005509
849816804X
0743505190
1403737037
0394570103
4088738306
1566634091
0394438981
0849919193
074357172X
0709083203
0816132615
0061234931
3442244455
1599902931
0553702327
0140047395
1570426325
1434638421
0385500254
0316007021
0978998952
0792718852
0563535237
0460103075
9839541048
0060275855
0380978083
0345430409
0403000440
1410100723
0812534670
3487045907
0451407474
1417666161
0613099338
0425224422
226508395X
0385902395
0393064905
0007101090
0449236536
0593048881
1595477721
0954038320
0385736614
0446530867
0712624058
0399217444
207038957X
0835122565
0441015816
0880013486
0719568137
1598593412
0690048246
0425085325
0957886810
3866155433
0735200491
0786881011
1853262331
0375424040
1416570519
0676971687
0060871156
0340125705
0281059837
3596900441
0006165516
0230014917
0553528068
0573619751
1417745274
0606345620
0747272522
0486466043
0590124749
3442751349
1560541520
0786233664
2035834163
4088736826
0671682830
0415289270
0439444357
0061562866
270022812X
0460870912
089083735X
1587671697
1406554154
1577316398
1597226823
0805343229
3442464404
1406530638
2070338304
097996671X
0684168170
0385262469
0841911630
031234967X
0613077075
8466305831
0747272727
0449133230
0670020567
2253020923
0761525262
0807071234
1854591967
0385524285
1561386510
073934420X
1406800465
143462580X
0595230067
0749904747
038526707X
0452007747
0713685166
1421515083
4088738101
0312931999
0226300641
2080700588
0743463811
9688931977
156054211X
044653062X
0394605225
2080706497
284538940X
0745126790
0670020745
0747246785
1574904477
0385524285
0752868691
0708822347
2070750256
1602393524
1572702052
0743277821
1599614146
1417684585
0892967641
005001532X
0060083328
0061668214
0061565415
0312946015
0006168647
0439706335
0802170447
0770421911
074993803X
2723458059
0061139343
0898690803
1406871354
1416555536
0449238482
2845382103
0061153915
075533325X
0743540077
0395498562
0141188839
0061345792
2352870178
0783880936
0879979720
0515145327
0316144924
0590440829
0786234326
1883211107
2020395142
0394427432
0758208928
0786124229
1594152233
0806502088
0143059246
0312141475
0349107076
0827345054
2080708813
0385301316
045121496X
1591280532
0689715684
1602062862
1590581180
0786223553
8496575020
013021339X
0736923578
1560979542
0814206298
1417659491
986173063X
0002221861
055345594X
351858488X
0399145060
0141806761
0316113360
159859270X
0394403525
1421518007
042521995X
0786202858
0399137661
1405881968
0142409421
0548652317
0786171588
054802796X
0613161432
067444745X
140004071X
1410407098
1417663936
006147035X
006447044X
0385525982
0517671387
0373786182
0755349563
0060105941
0739323865
1419192906
0060207205
0152380108
0345297652
0233981047
1416555412
0007284977
0394826426
1401918301
8435006263
0394714806
0765320541
1406813079
4088736826
0671724029
1845133021
0816744599
0786251476
3426501562
1417641460
1594132755
0373768931
0525672060
0613077075
1596326107
3150076196
1594131287
0449910164
0140432825
0099354918
0330448293
1552460185
1406541354
0704340801
0525478256
3895084581
1417768835
0306813939
1560547804
3787307699
0060882026
1419192906
2203012161
0307392023
1597224049
067697886X
1582876533
1585164526
078620575X
0375415424
1557484228
097913157X
0497913747
0802716547
2253172413
0590477579
0151990867
0743250214
0451224752
1417694661
038551753X
0399150781
0802725996
3442553776
0345350529
0394433343
0883320932
2913636306
0613717864
0786838833
009190613X
0064420299
0140438211
0812520238
1559273623
0793503744
0883688581
0340653213
0131864793
0135862728
0671243721
0940866331
0006392628
3442363470
0394723767
0866119647
0141028254
0732273919
4088770692
0553297953
3492235808
8466308539
0333908732
0816137501
0060528052
1562478168
0843922265
0792391365
9782679771
0708842283
1417653701
1904959083
0739314866
0783886004
0760763127
0415011035
1405213388
1401303013
0721499252
142504364X
3426274124
3440110095
1598592262
1860642225
0062503561
0553242172
0330460684
0393013847
0553571699
0553813749
1405617624
0812974859
8497130146
0345305787
2277115851
0770421385
044619610X
1595478566
0781802350
0553528688
0393331571
3426617439
0194792153
0395288126
0199535582
9706667180
0771040199
1840246723
0517017571
0451525310
0679307710
031224309X
1929154119
006018289X
0671013742
0352325763
1590521242
0307268233
0805027726
0385247184
1842555707
031286874X
979207449X
0345326016
0759529833
0425172325
0345379721
0061469033
0385663005
1400089824
2264022043
0760780862
0446615986
1434102122
1417652969
0786237449
0263154033
0345490304
0312374798
380520292X
0345285034
0671570684
0425220141
