ISBN
0670863580
0195036107
0452009219
0819540684
3442243637
0140012796
0815624387
1934609072
1904799159
9100107492
0340863927
1416916555
0786278684
9722025775
3940111260
0613034791
0768426480
0756902738
1563970031
0297645781
0676529186
041613100X
8125030697
0785778667
0440000874
0099472481
0374155003
0451164261
0670885754
0807274259
3618680163
1568955812
2070372480
0684810948
0099513986
0966339797
0708113850
0375408444
0061238619
0141182091
0060279370
0743507819
0803733283
097975710X
2253120022
0786265035
0886460034
0749300035
0394701283
1570020477
8838915741
1587245361
0786277270
143448677X
2080710745
0099504286
0600771172
840149964X
0813325293
0141183144
3453431103
0874518261
0312977409
0022681620
184046710X
1592244904
0385420951
2070429334
1421813327
0517560410
0380977397
160096608X
0312873875
0881428671
034531624X
1594130396
1417658916
0471842699
0786246839
0968751903
0754092550
0593054067
1421523108
1899884211
0801489997
0757306586
0066212731
1419353772
0753513463
1401303226
8845901602
1586400258
3570132110
0385111029
0886802709
0373046987
1597222550
345317805X
0374299498
1422145352
0613462572
354836473X
0345274776
0606192301
4088744306
0060176598
0340830352
014314183X
0316109932
0590059467
0553252550
0143114239
0446401056
0375415769
0525241450
0771030738
0788732129
8817018570
1401217052
0783819587
1568958374
1566914558
0451222342
0060284781
1601621493
0152063862
0399144943
0385496915
284098945X
0375944400
0425222195
8434862530
039493105X
0670031240
0745168949
1417662328
0670479403
0375837450
1900850745
0241894883
1847670407
1572703253
0553591673
0800792645
156895641X
0373585500
1561704989
0393064506
2226140409
0618499156
0807274216
0671556843
9505117477
156895641X
0345446542
0786209542
0060733128
0679445005
0316035904
0691072736
0141012773
0713998490
0786258489
0606002952
0688065317
0141306297
0306801094
1591842247
0893401579
184354492X
0786702648
0734406525
0765344742
0809593319
2211019234
3464003027
1602833435
0525943102
1603126449
3630621201
1558580999
0767906632
0198152701
0915864916
0517051087
4091266649
0816160368
2013224710
1844166473
5699074600
1847672299
1421518805
2246425336
2070364194
0201468042
0195010701
0060745835
034523765X
1406558672
0451402065
0590113704
0671643126
0061259500
3802581210
848310539X
143950556X
0753823837
0595440096
0765320525
1600240364
0593046226
0007107129
1402215223
1587247828
038549825X
0441118119
0980033004
3593364247
3933773318
1596070730
0553384112
0689820909
8804507969
0671024876
078619331X
2020631245
8845907333
0849921023
9562914992
1604244801
3407786263
0060262257
0060765259
1857825225
0879510153
1417698047
0792715934
0886774934
2910196607
1854871102
078626540X
0785992596
0312303602
0743422058
0143056530
006168984X
0833579029
1587244993
1921438126
1417679514
1604241071
0440865484
0915943948
0435913581
0545070937
0060117516
1595544461
1434619303
3886195295
1434656195
9626348577
1416586814
1600092985
074754557X
0060004517
1405332999
0881135496
1593351194
1414301561
0805011943
0440481864
0374980101
0307340767
0340202955
0141324473
1570917140
8495354683
0833554301
8483072181
0330339419
089190171X
1593555202
0613502981
0345470702
0385342543
1846050839
3442450144
141654061X
0312865937
226617830X
1559277467
1417617470
1585474673
9684067887
0806635266
0606181261
0786949694
1417629428
0749939125
0393064506
0671821962
3518398261
1423103831
155166304X
1852352310
0385043627
8496921093
1406567795
8482399160
1858600154
1596059974
0671721925
0863580440
0849963621
0786203595
0099481278
1852864257
0394604466
1600963285
1402214316
0500203954
0593052196
8180385590
3434461051
1604593172
0399146164
009952662X
0385318707
0862418232
1404387765
0312352530
0405141432
1434614638
0553232312
0345234855
0802116124
0754056783
3548264484
2290201650
226602664X
0809598329
1410406482
0548172358
0060590319
1427807744
2841722767
0373888236
0786214511
8433969048
0451141415
2253025321
0849963788
0385513534
0755337018
1565638018
0385295391
1416563423
0684833751
0755332571
0553214306
1417695781
039591177X
1406521647
0739321692
2266148826
0373836244
159240409X
1421519038
0786266007
0743263162
1405238194
3800028689
0517368714
9798793943
1846070228
2266087754
0552148822
143651746X
9682311578
0949206571
0712615857
057114926X
1423305388
2207240800
0446614475
184724291X
1597220019
0373772963
1850585148
1401032966
2038717338
2264027681
0683061321
0060763671
0679445099
006010645X
2013219709
0739318128
1414283679
0425207994
0451462505
0425080781
0786291400
0590745891
0552137472
2226140387
0521243963
3551733058
0007266731
067083033X
0786200154
1401302327
0385092881
3442360137
068987149X
1413520561
0373794142
8466306536
8838913196
1841150401
8571646848
1416932410
0743452860
1423370716
0060897899
2742773983
2743606452
0399135804
0451462343
0613998111
0140470751
222615387X
0689319843
140013546X
1604592494
1568955928
2290325325
0060010401
1434626040
0747594082
0060734108
1590385012
0745167586
0151141800
0849938716
0060598670
3442545900
0375431578
0688174582
0553210971
0060762047
3401053159
0747220190
0684126621
0192826875
0816138222
8466638059
0688175708
0060852267
1597227544
0719567661
1857975065
0497257505
0849918944
0099303019
0671769715
0709038038
1406520012
0739325892
9046112969
0312029527
0306806800
0517095793
0786891181
1416517227
0563494077
0060113626
0399237100
0778300919
3442450438
0787112577
1560541490
0749390174
2070372715
0862203694
0399151710
0373772572
1589602641
067940497X
0061374555
2869305095
0572032919
1556527551
0785282998
1414319479
1596914947
1434626040
1551669285
091734233X
074350643X
0446579823
0618224165
0316035734
0373482310
1410410439
068983960X
0395294479
0883683873
0143001620
3827007585
0060741325
8489666032
030740577X
2714435505
0450017281
0743570715
0553382039
0783885067
0810124327
2253033936
0786826169
2070307972
0373127006
8420472808
3426637383
1597221740
8471663945
0316037532
0821758721
1878327844
8420660973
0345375653
1932805737
0739301861
1847243185
0808508997
030738120X
0345241592
0345495888
0545128285
0808525875
345352036X
1560541512
0224612948
0373085923
8489966443
8481300497
1406542709
0552156698
0684846381
0805086552
0449205843
3150060605
1602851719
0809592878
0434012963
0836812468
4757506996
0843959177
1401219640
0241142989
0689871325
0816158746
0676529186
8466632689
0727843141
1400100062
0747574235
0870677594
9113029436
0007184867
0606346260
8466308482
0393030768
2877675041
3781752461
9100104620
0307301117
0810983559
0374521700
0416800106
0472083163
4047135291
3866402856
1400108861
0752201360
0062510827
1582013020
1423323602
0553592009
0060575735
0375840141
0330251074
0061124044
0553822438
0425226417
0373093187
8481092487
1600963285
1405655577
1560541512
0375433007
2266145908
3293200168
3458344578
0525672184
0064303985
080959305X
0007265719
9022546098
1417774282
061305394X
0449203026
2253147893
0425224562
1846551382
055337110X
0061687456
0373072643
0044405073
1595544437
0399122443
0758208138
0786889152
1841496960
226401721X
5699014705
0794824943
0224070371
0460871803
0061490148
0007755236
0671875280
0786818379
345834683X
1561797448
8817841455
2290324086
1890208108
0837177553
9044503669
0547053584
1850180431
0002226243
1421517388
0142409146
1841491381
0553800078
0752203312
086716865X
0727807668
2883531870
0718153855
1602069379
0425062767
1846070228
2253037869
226602664X
1433201089
0312930739
408873047X
1574885545
1596055537
0321089871
0573619239
0802143849
0803730551
086299859X
074756177X
1559363304
1433214547
2211066011
1400000858
8807816261
0679409882
0141030429
1417779594
355177434X
0804900582
0679642307
159483654X
1841154555
3492242081
057507101X
041504488X
0754075265
0713996633
0753150794
0575084340
0385292678
0743470508
0471492787
0679963723
0752866958
1934648191
1598955039
0786175052
4062647362
0786286342
226404554X
0060235314
1406842451
1892514974
0820303275
0060890363
3250601071
8496290018
030729112X
0199539235
0761139737
0800732391
0385515979
1598592858
0385420951
1600968236
0451462610
0791098265
2253139092
8372780145
4063259188
1556610785
3407788819
0380005735
1416949631
0571225640
0373198787
160424982X
0792702662
0385038623
1591856132
0007192312
1433207982
848460697X
0786240768
8466611789
0140438068
1845767659
0633017345
0613251172
0394604180
1599551691
3404243692
160459053X
0688103499
1428177973
1568954107
1598209728
0756909309
0142412465
0880700971
0425225771
0061245097
1846075734
2264023260
1414700210
2878581997
2264027681
0689876815
0385044305
0310717523
0783893191
2070327949
8432231568
3888800595
0143014358
0548004633
0425093239
0771075596
1419118080
0434002100
1604501235
1557047316
1846378885
1434489140
0525430342
1417675020
0192816896
0310201209
0385610688
0719501717
080859558X
0224085239
0847827860
0099485311
2745909142
1434627985
0783891830
0752803603
0553713671
1569318948
8525033731
0470281901
2264032812
1416953892
0593057732
0786249811
0553591940
0743228022
140190761X
0007197411
0156904454
379576663X
1592244904
2221097890
0674066553
0739369229
0816150184
0749313315
3353011838
0606105085
1421510014
0333762916
0060010118
0786284811
0415306841
2070384071
8496748111
1417648333
2070410250
0330349546
0439436583
0345315251
158134824X
0060898933
1847671217
0553256122
9562915573
0385090633
1604592559
0375428631
1401309321
1434611051
225313905X
2253098434
037541004X
0713999322
9022531929
0765361981
0749313803
1602852359
8804567910
1581169884
8420733873
0399237100
0061173975
0743456181
0553254375
3827404894
3257216602
1401309275
270962818X
0061243353
060611422X
0739321587
0674996283
0745174736
0425224953
1423103149
0553266241
2884710132
000728487X
2020210924
0399153438
0606332774
0786236833
1847391273
8493333220
0425191834
0670387878
0553802429
0590475061
0593037588
1590305736
1400064643
0345259645
0553260596
3518282123
0006513115
0460012991
1906147329
0839824246
0020029101
1847721036
0312377762
0805004084
1427803315
0613897544
0553058843
0743270363
0141030925
0310384419
1597375829
0385003439
0786205776
0789151235
0345291387
0792717805
0708906052
1405005041
1842432699
078686317X
2253053511
052125650X
0792717538
2253076899
1841951897
0843938331
0460871072
0340164808
3596168341
0743419758
3827418682
1585679437
0007269854
0048231215
0593058607
1434694313
0099888505
0192815148
0393958078
0060594888
1406825549
159413121X
0140309136
2268065448
1596433647
0750512814
0060789980
0768426480
0061714739
0694516562
0525933689
1416971378
0385900295
051710122X
0786236655
0786244410
0375409408
1410404048
3570500837
817223578X
0759254451
3404128427
084392800X
2207240800
2226027653
2351801369
0755335864
0441118607
0860685381
0307279065
0767903358
2859405992
0373285701
0704300338
0330449605
0263793702
3314006640
8478710809
002717350X
0803706731
1598184156
2070507610
0029079365
2702400450
0345367766
0385321996
0810972611
1555974864
037377334X
0553245643
1556438125
0007229658
2290319201
0732266831
3442422043
342312573X
0765318547
0007251890
0553241907
0395631181
159307865X
0765305518
0307396444
0192815377
031603181X
0743524926
0060774665
0099484234
0771037546
0007150261
1852421592
0743470486
0425212173
2070547973
0789416778
034082011X
0440244226
0446528722
2715226454
2226131299
0140470301
074759211X
0749391340
1405686618
1406531103
089244018X
0521093902
073660376X
2809403503
0425185168
0805059563
0786295511
0805037624
1604240970
141763474X
0613579208
0061134104
0345506405
9022528685
0613460510
160024128X
0525430342
0877970602
0471510246
1861050798
0783819463
0548890153
0152051031
0199241775
1416902430
2226035249
082401135X
0765302896
840151200X
0099516039
1427204780
0914153056
1433249308
0439401860
157566383X
0440214521
3453522893
0425147177
1604591455
0548078963
0547053584
0099499827
0743266439
0385901909
8498670209
0754017176
3813502635
3442553156
0030226546
0140444998
0345346858
1435244699
015206401X
1421809729
2070347370
0747539723
1419300008
0892964197
0553216724
0316017450
340414404X
0321421779
0753128063
0316646377
1570622434
3827415853
1560541849
031238372X
0224081950
0722187653
0060231769
1843916037
1404227849
0874138205
088355514X
0816150133
0739378562
0375845704
1551116391
3492044743
1847672396
0749305142
1593082355
0590442376
0525430105
1405842873
0345495888
0613940466
002717350X
0671700065
8435007278
9501710041
4061855700
1841491608
0553257374
2253064181
0449238067
0553261029
9682708958
0439709725
042522628X
1417768444
1421518384
1425471722
038070840X
5699038221
0330240242
0793567165
0345378768
0061537934
0425083799
2080712187
2845993889
0802713610
2845997310
0007261195
0394223624
0395305322
0061042366
1582882665
1847380603
0749324147
159818797X
0727863347
0563510250
0393959341
1856811522
0606210458
1406554545
0415115752
408873310X
3453521676
2226177175
8426130410
0743506529
2845381743
0739378562
2723448134
0374164762
0152663770
1843917076
0785262989
8845247708
8401336597
0312983832
0416800106
141656103X
019814539X
0521347971
1602850992
0374116342
0571197574
0786250879
0060090073
0060840846
078579638X
1594130787
0783885067
2253118761
067152500X
0307341704
3518458124
0471239976
3596900107
0497255782
159355480X
0099494175
141774135X
0465067964
0851197000
0449207080
9831242785
0786236531
1846373239
141690140X
1603128867
0689717016
0763637408
0760777683
0373794126
2070519740
193212800X
849677869X
0060566485
0808591185
0465011535
1400151171
0230610226
0143114883
0143001981
0425039803
0708880975
1587314517
0345486544
0340837845
1840220708
1572840986
0451403002
2708126628
0786241950
140121715X
0385661029
0375852085
0681409746
2226009566
0786218681
0470057521
0671706837
1933633549
0743412400
0952373807
1599901986
0770422039
0099422565
0800791665
1410404684
0385900597
0606057846
325408229X
0373482086
8466320296
1844161846
142151513X
8401513006
1554682096
0786186593
3446207368
2253152080
0307903257
057115171X
0140086927
3442243181
009180163X
2265082848
0803724896
0684816954
0873952855
1416935843
0783883455
087685546X
0671873067
0375434216
9707750936
0041000404
0752872559
0142411175
0880015195
2841722821
0679445927
0312363699
8804572728
0060530928
0385421699
8845414140
904140743X
0785719989
0061092533
0859975940
0394944607
0553147927
0914294539
0748662529
1417619139
2226017887
0174444192
0140144420
0525941800
0785736794
0679311300
1421813513
0505527804
1591160308
3426634414
1593693516
0613446615
1421519275
1421807211
0439944066
0786203773
156054208X
0753173387
2742720715
1416527168
0553235737
1585101621
1594836159
0394220471
1568658478
0060521562
0747584974
0007230427
1427806071
0446610143
3866471815
0880708808
0515068209
0670851396
1417626852
0820326127
0792717538
0552153508
1434494489
0060269995
2226159010
9875780669
8496787060
8437601797
8804543213
9052265194
1406589292
0786272821
2757809156
0395493404
0752861247
2258061431
0195139577
2070101800
0786257822
0385261330
8833900258
8807811774
0688158234
0099513056
0061567191
3821857501
073940816X
2290003956
8483835053
1421807378
0785765654
2070421465
031216811X
0002223791
0395731607
0061285544
0060958588
1589262611
0192828762
0416666000
0673154726
0333592751
0141189959
0979777704
1604244542
1417687533
2265081132
0754075265
0497255812
030734651X
0783882599
0756909430
0140272968
0552137472
1417685794
0786255234
4048671510
3570131858
8132002458
9875571520
1555535038
0679455663
1417616865
0590446886
070891098X
9682327474
1404185712
0791081206
9705804893
2226172181
0425222462
0452257530
0785122621
0739462938
0739358197
0465009387
0061650730
0828104875
0070580529
0300022867
0452289572
0553590847
0061140546
3499157772
0786838175
0896218856
0739359630
0641940939
2226142045
034525094X
1417776722
2253123277
067163691X
1417640413
0727855514
0394805801
0802727743
0816141274
2290053449
0671422294
1415835012
0425039099
0849963699
1425015816
1416508988
0785900519
059304455X
0778327043
0785128204
3404157931
0141033940
031230353X
0849963699
4091533213
1841957119
0785242759
3453406281
0385259190
0688062164
071268445X
0224081861
1568952562
0743432797
1405241799
1602069182
1934451339
0321421779
8478337776
0767927737
0385280882
0786209593
1417662921
0340794399
1870352912
0156032562
0786219076
2266004670
0375431098
351837141X
184751054X
0380978636
0345487486
0345504135
0140053190
0099439956
0747272468
1426436475
1841497223
359618424X
0448405857
009951396X
0385193335
3518387715
2290324914
0756907705
057114747X
0747596743
1844136035
8466319719
0471307890
0060111488
1559700548
0792718836
0553262440
0345291387
1417687991
0007202903
0575077921
1405861827
1417670509
0763627496
1417759860
0767904508
2277218626
0497256495
2253013870
0816139946
0613705203
0545067766
0061138010
849872015X
226617830X
037377205X
0375407863
0595432263
0385172990
0747590303
0803719000
9844042496
2804009025
2221081226
0740769472
1417712694
3518013939
0394433890
4088462785
2090319712
2013216025
0525672141
0373752253
0375409408
1406793183
8804552727
019282421X
8497594959
0553477463
0385263244
0520256409
4088740270
0345286243
1598188232
0099515733
0465030793
1852863897
0075571412
0785778667
1417943106
0761147632
0345479599
030759873X
006251122X
830401081X
8495752018
0099204312
0606027157
0805461396
0571235646
0613708113
0754010309
2253146382
0755328647
1416563423
208070544X
1557094101
0451225805
1400049342
0099517833
0099453185
0285626876
2747001164
0804910138
1405089156
0394931297
0736925511
1433100789
0099416263
0886774934
0060394331
0613176219
1420931091
0877738955
0899666671
1600103960
0446392839
0671581856
1406842559
1846373239
0738210927
2226034390
2265076686
0679431314
0590324284
0307405850
0807217271
0385247192
8466320601
0590765469
0345509064
1574901354
0747560056
0613997751
0001712756
0516036696
1416544909
0534251587
0786263857
0765305518
0143114107
3442545870
0141189002
3909081878
0060821140
1417768444
0670849197
2264033053
1586172514
2266174657
0786266007
0553384422
3704313211
1604593113
0060093900
0385023960
0874776694
0345408810
0708880800
2070356655
0449238733
8424187229
0140252746
0099499835
1604500778
2253139483
284599043X
0613361393
2351421787
0786251972
0727840738
0816154090
0807209511
0061452998
3499244551
3426701634
1401221238
158724196X
0393012441
1603124799
1587248328
1416566759
031203914X
0330463365
2266080180
0759582955
0786243864
9875780642
4062730170
0743570502
0778325938
2070425479
1770093141
1598181661
0765309513
2841720993
1594832048
0375857672
0393330281
3546002288
0073529389
2070428230
1590200314
2266152769
3446206655
0805234195
0785134735
0553268961
0060899077
1853262285
0048231061
1845768787
2277239755
0786187824
0006714994
0380774984
0439968690
1582409641
0805088490
0759201536
2226020837
0545003873
038565989X
1593079753
4088728009
0393045420
3866047606
0758228724
0783882777
3548604331
4091370640
887782025X
158547021X
0694526126
077106442X
0440003628
0786245921
0670062529
1591169143
0830834222
1600241700
0824023129
1596327138
157490549X
0316195510
0743252233
0525950699
9580407371
3442433584
034095261X
0199539839
0330445960
0373078722
0801056446
0786296399
0385340680
0718120906
3827418585
0786182598
0060267461
0749704306
0582416760
8483462141
0441225497
160450062X
0375431608
0531331334
0451412575
0755328140
2265074721
055359186X
1417764805
0140124950
0593044665
3550087489
0709030509
1417626852
1848090188
0140431756
1405033479
0060750383
0759528721
0708904106
9774161564
1555975089
0785945628
073227348X
0874067952
8828600837
1592120318
0553052594
0151007217
037584158X
0786277475
0865530505
1417746157
1847371264
1602068208
2253016713
0520015134
049790084X
2012003737
3453675444
0029250900
1595540229
0307284050
0470411562
0739474979
0613579208
0679443479
078626442X
0688118143
0060162481
3442358531
0130749214
1557509638
0486431878
0671222295
2743605901
1590201191
9501511413
0440192471
0745186378
0671606018
9786079537
9500725487
0801480329
0394944607
1299730949
0340898534
1590072979
0590110020
1417785438
1400106303
0895988836
1426419228
1416569529
0743479459
1417769998
1934885533
0451077660
3570500837
1417660295
344272984X
1427204780
3805207085
1428075720
1889392081
0688114504
970718101X
0061340278
080755412X
000725587X
3150018463
0439174511
1740937384
1421520184
0679774432
1428198083
0340373911
1421518295
0743538412
2070385698
0152276505
0586074155
1423319915
2070306399
0819139211
1417761830
0804839492
002551590X
0061340758
9722339516
0312865805
1847370179
0575050233
2070429334
002551590X
0759528713
0446516325
055345191X
0241002249
4150406901
8467024712
0761113177
8372780145
2756401110
0552115002
0061252786
0833744674
1416575367
0452250358
0394174429
3551758158
0786272503
2723423468
1423305876
0345323149
8817841455
1584858311
1604246014
1582433968
0312852797
0440338697
0679424318
1400104300
0704321106
0783813740
0312698496
1594131597
0785797718
1845764951
0774800267
0929551230
0786296976
0854174370
3518044400
387067735X
3596170699
0192875787
1590388585
1597226009
1416549714
009192667X
2700234014
1410404102
0891097287
0553757172
037543139X
039914322X
0465016944
1594151830
0394839153
0879756713
0307283674
0099271435
2864243725
1551667096
1420929240
1410406105
0073529389
0099797712
1598593528
0881039837
0307270807
081614477X
1587248778
2259002439
0590464841
159921072X
0224064320
1406839302
0843927054
1421815575
0439883792
0394555767
0765317710
0192833057
0099471299
0839824017
0743459164
0810107945
0679438696
0195090810
2266065491
0425067890
1581345240
0548634920
3453500318
3596113989
0859539792
1741046025
0548588260
006136388X
0451521552
0393014940
0373773560
034089671X
0099258625
0345444604
067945778X
1599987597
0140156070
1602550999
8807811774
0465084486
1585679453
0316035599
0679456589
8495752719
0877731098
090649530X
0425221210
0312991428
0590475061
1853262285
0141885319
0892964707
0330318381
006028708X
0345369114
2070434338
0192754637
2702427235
9580494924
0452289947
1605977713
1590304713
0613650719
0805016325
1602067791
0060298839
2253029343
1596442603
1840236329
037593703X
0764205897
0395294479
0061447544
0802143377
0752889788
0312427808
014301479X
2253114081
0312154593
0945575610
0071368833
0152062521
2874272248
3772516610
0263202380
3426722291
0802475973
3813501272
1421513544
0743417860
1881273563
0449123677
2070758699
055337222X
3499263572
0304358649
0749936991
0910142653
0671420283
0793557070
0552097667
0803706731
0786247584
2038704015
1416958002
0679455930
0925279501
3596506719
4063641716
0679600221
0316015830
1416550399
1417775866
1593761856
0375410163
8497649133
0739344145
0380973715
0060805005
0785133844
0553456180
031611300X
1602069182
0307344827
0007115156
0688321143
1417689072
0822493500
0670625922
0192837443
8466632689
0452265983
0151716978
2253033375
2264040475
0307356558
1904271596
2757803298
0380001764
1597220892
013032129X
4063404269
0786248637
3791523333
9707320710
0207143013
0671511742
0613607554
0316004251
0679460624
0307102181
1416950273
0020885105
0373355947
1847242332
1846370701
0375825223
8439720378
0007268327
1842556193
3596152836
0613494989
0719567661
0439868831
1434603873
069024276X
344246160X
1414319479
1588274527
1428736999
0099416964
1604243236
0451189353
3538066108
0470393750
033045076X
0789200287
0807046019
0345505891
0553225413
042517770X
0821730029
0553802445
0451628241
3453019857
041682420X
0525475400
0889951292
141655503X
8441405301
0771085168
1905802102
5699038221
0606090045
026314562X
284114609X
0871567490
1860464513
0701128291
2258048699
0061582972
0374271879
0670018503
1406557633
1417737573
0486286959
0590554948
0374143277
0850468132
0316249866
0385247192
2290314986
0593060601
4088725719
0307395774
156584033X
0671500503
068485659X
0470050101
1416967699
2226088830
1591160731
078623640X
0701117826
0856360007
0375419845
0413310507
2277117528
2841721698
0099680203
1604243775
0373095171
2747014401
0765362651
0375844058
0375508147
0006730485
0143113593
1425348149
1564968936
1416566740
0140400192
0140351272
1416575081
1426467559
141766584X
0413370801
1573223468
0813926211
0671022172
0007260946
1578634385
2253117463
0810109972
0531059340
0553266241
0002240165
0434142573
0688001564
1417768762
0873952855
1402214405
0843960566
0590447300
0312945620
0552556734
0803727941
0143113550
0743270428
0553075616
0573611696
1423350219
2877301885
0515102784
9687748494
1846680751
0886778336
019812919X
0156034743
386615531X
0785280766
0340199342
0743571398
0521095050
037543139X
0446520896
0739310135
0671211358
1421845636
0812976002
0520073460
1421827328
0394535359
0870677578
0521056837
1417699442
0613722523
0441639135
1555045316
2268040623
0898653746
1425008569
0856483877
8183220525
207040191X
3150001927
0553525824
0671605356
2070213323
0743465067
0440141753
0571234933
0679747265
0312322224
0791098265
1417932155
0195036107
0755345584
0552140929
0688128017
8373377395
0719545102
3442242452
0416871704
3770404785
0230529178
0613643291
0525666419
1590784723
0670832677
0786285532
3462034057
0738849790
0575030623
0881843601
2234057736
1410400840
0884046516
1423103378
0345386620
0099494124
0373768567
2266179276
2253142174
2265076554
0553525247
0470393750
8420633259
143479993X
0907069657
0801025567
1434629082
0688163130
0140714359
2884710345
3865381391
2840554410
1594152349
0843955066
0778326799
8806023764
1406509507
1846177723
0884861945
0833572377
052594544X
0004245075
0671578499
0583111998
0747571740
0976794403
0307245624
1847245781
0674018206
1400152968
0708310168
0816133190
009192166X
0140350195
0788749749
0786246812
0060179775
0062731440
1597226580
0453005284
386506082X
3446230572
1417768622
3442546370
201200170X
8497648137
9722328638
1417735511
1417627530
1569473927
0198201710
0671876171
0593023463
0312613814
225302368X
0689706022
0060268905
0307390454
0833527819
0405092377
3596160421
1401309577
0684186853
0394883314
0307455084
0399155384
1417784520
0425218449
1401303226
1597221562
1596061677
074721915X
0803263007
1857236947
1600940528
068982596X
3937255230
0689117876
3612252127
1906040044
0720647908
1585475742
3442247357
0553800078
1854597922
0440117038
039480564X
0765305321
158288191X
0853910618
1400025125
0441196845
0307388441
0679989110
1594131465
2070433609
0824068254
0099504855
080856336X
0830716084
1602851913
2070303845
0868194751
2013217579
0307382729
0061346071
0671445553
0613709209
0061372951
0451142497
0805237801
0449236609
2290343846
0060871229
0743570936
1406777099
0375432426
074351789X
1423350316
0789209462
0786208716
1406548553
0307278336
060609640X
0553374664
0451054520
1934568457
8449202027
3458317775
0333902025
0143105523
1602820244
1600780423
8484606783
1596915137
0394910168
0439014182
1565922360
0141030917
1416925953
8887517029
9703505066
0385311419
0786709456
0963386190
2702418589
1420928996
0385479441
8467519843
1587244578
0517673495
074518653X
0517422832
0613553926
0143055011
0425221237
160061082X
1421843072
0399217681
2266033840
1870352912
8495407299
0385494505
1592243134
3551758158
1401217052
0676976158
0446196908
1406556297
0425074846
1594150028
0805058664
0822201771
0761906320
0745174205
0670884138
0312921454
1559276215
2871294380
0385612745
0345244044
0939495724
0345463838
0606299998
0312536933
0060093005
0152008810
2277123420
0688127827
009927051X
1406767123
0192875647
2130443753
0452267080
2203344148
1551522268
0520205995
0916786048
0192815113
0671581066
0375430555
0310266157
0553581252
0778325792
0330420143
0345423844
044900211X
0312384475
0754090736
0451622316
2012248357
0803252811
0778324435
3442242894
0140156852
0816157049
0449907597
000715898X
143820213X
0764222449
2097541968
0451402626
1417776358
0439644917
159887585X
0152624376
0138974225
2253109134
8804547839
0340935901
037591367X
1417815655
1406564389
0451202945
3770468007
1852426705
2742721118
2051009872
8804549971
034544308X
4063633470
1416541160
0892965673
0060505222
0345479602
0785777636
0061556068
3442433606
0471347566
0582434041
8806062476
2266065491
0816157790
0747215359
1594868107
1423351045
0027772705
0727866680
0786172878
1585093203
0606022929
0749936118
0670111953
1428713360
0394507398
2707148997
201004018X
0192828053
0882950916
0060505222
3518380338
3257215193
0816156352
0141383712
1897299419
0399138188
2070408019
0525672184
3458171010
0671047256
3551753512
0399218882
1410400565
0932027733
1559393068
0676973442
0441016383
3811221515
8496627276
0739314378
1605974285
0606070184
1893345904
1560544295
1426442289
0553216864
0375814701
3492701523
207054981X
1604245433
8497772903
0689831765
0842339329
0060871040
0694526630
0553217305
0671731513
0743498720
1602068410
1847391052
1400104092
0395601762
1417762187
0520248627
1586172638
0505523302
0671501763
0739327577
0783897634
0613888006
9044504053
3890840000
0586208208
159116091X
0743289455
0702234966
0863569080
0764228994
0757002935
0897332644
0618336001
1906040060
1873982976
2070490920
0689103719
3895070041
0394557956
0743573641
0789208067
0803706723
0786296496
8427243359
0739368648
0060971819
8532511015
2869302649
0768426200
1422102505
073933445X
8497597982
1417708441
0394470362
0671440713
0061448796
0133836878
0973224010
2203135115
0192823906
8466633391
0413333507
830803747X
4091254985
0822309297
0679725105
1888375884
0061178802
1421518813
1741663520
2351421663
1592247415
2253017264
0723258562
0843927054
1583965432
1400154979
0871317362
0553154117
0747526001
3458327673
1141884429
2253053066
3442242894
2070707733
0465079342
1405052058
0446509434
0141185724
9681915194
073931159X
1402214316
1401219756
3770468007
3442360986
0670255904
0786241144
8598559113
1598186485
0515143936
0446582069
0810115727
0399155465
0061161357
0750685042
0590321579
222108618X
0385145152
1417627719
0606297871
0765321335
2351421663
0060574887
8807811774
1840238380
2020045451
0099436132
2226179763
0140862404
0743431332
0783896271
2253123668
1597221120
8374805013
3423709073
0340911638
0385666950
0195316991
207061901X
0140263993
0375728384
1423341619
074993767X
2221052382
0760712115
0449901009
0743574672
1400106826
0452267218
0743212207
0099520745
0060169109
0786266201
080217051X
159722619X
0810111764
159986777X
4091264166
1421515024
0877731098
0786227028
0785915389
1597223093
0394170326
0345332156
0006918719
0440421098
0140170014
0785125248
1593974744
0375404406
0689822383
0671685384
8420441694
0571084176
0812979427
0345508920
0739327844
343103490X
1587240505
0590426737
0553527533
0613573277
0809059193
0375504338
0349120307
1416530908
034023301X
0613964500
2070612813
0374250863
2743615370
8466321284
3442369207
0385902794
1406807044
0792713699
0395923387
0316160687
8845243664
0719101689
0747245096
0439879957
0141029129
073931999X
0143058924
0747556776
0374335044
0373802730
0451213971
0600204219
0515144665
1602063885
0849920078
029784475X
1435233867
0099265281
0312378033
1401220096
1594131791
0061664626
0871566532
3770461290
0195114167
0007269447
0786222638
0641839650
9030325194
1417676205
1591565022
0091816874
0877730008
0195979753
0882681230
2742756914
0517246597
0786243783
0192828762
078381206X
0451138775
0393927946
0521085845
0593058097
0345271939
0950081701
0061452025
0553290487
1592244688
1932076689
1843916037
185326461X
0709142951
0553801848
0881135496
0312853572
0804802041
0679448284
1568957181
8426116981
0192832298
0679966978
9681912306
0374225788
0060250771
0671651366
2841720713
0783886128
0606054154
2080703943
1421517477
