ISBN
1416593063
0613496744
0553452711
1417735104
0066213142
0446693847
0449141993
143440174X
1417776730
0199537488
1842121065
0749816058
0689810164
037593653X
0497900653
0545019427
0743579941
0571211879
1425045421
0812026020
1845767098
0007197497
0300044704
0312552939
2709621282
0979893305
9681640594
0714530255
2290034479
0786219459
1433244411
0199535787
0739368915
0606158677
0451188489
0843928387
3404146786
8804550198
4088737067
0753826445
2743612819
159880121X
0387945954
0471154393
0749937106
0694012165
0811217523
3570127729
0606343296
1417792191
225304282X
1587244152
1406584932
155166268X
0670031100
0061240249
1604501707
0307260887
0439855624
0547053738
2092825771
0553261762
3453523024
0517494264
0755337441
1582342695
2266071173
0345430395
1401309216
3426501554
0713905719
2842421523
1591026423
1416942084
0671521519
2265065471
8433917234
0316808415
0590940236
0548490570
0895986655
1551668459
1862070717
0394604318
371758006X
0960374841
0316002895
0753822555
0198319959
078629311X
0515076414
1605979775
1416974504
2723427374
1406714852
0449908909
0333434706
0023991410
1569707871
0307279111
0760786321
1852864486
3458340238
0310233283
1844136930
0670036595
0060245190
0753176114
0881039713
9170013926
0679641211
4088742621
160206069X
0143114131
0715622048
0434510297
0679421777
8495311976
0865160996
0441658571
1590131428
0593057627
8466616241
1933499192
0689862911
0874778654
1423328884
2742769366
354860224X
080370271X
1595477780
0714848131
274361613X
1417659033
0843115688
0670859672
354860224X
0091906997
0786205539
2070501450
081186121X
0449240967
0884042588
0606328858
159600276X
1435244680
0810994747
0441216005
0819176494
0375430997
0385504810
0448435101
1434651703
1596430052
0701181281
0593047605
0007165447
1419166638
0307277607
0006178499
0140037349
0786707739
0940561085
060619195X
0613263715
2266064789
0760770182
080508892X
0061552054
1560547758
0395483077
159605008X
055310733X
0451154770
0816137277
0374523037
0439903467
0451206886
0345505182
0722111193
0399241914
0451225155
038530515X
059046230X
0939680858
0671456555
054705484X
1568521375
1417745231
0345477448
0099513943
0394563344
1905264127
0553208853
0099514133
349960132X
0765357712
074357687X
4091233732
0450060225
0783894686
1580052398
0441015905
8478441689
1573453927
0606299971
0141036613
0786011351
155468286X
0007245920
1416549986
009187100X
0805054456
1417681160
2266078607
1598186418
0553589539
8497593847
0316027979
0613707532
2290300314
0978556755
0606024344
0671213946
0807216461
0802143830
1417629347
1842327852
013938183X
1741660211
1401218008
0060170395
0521454018
0803729383
0671516884
033338539X
3832180648
0819139033
2266043242
0385517882
3570131408
1595478086
2265054216
1400103207
1561795577
0497261731
043945445X
8434856824
0521418119
1843916088
0425220842
1894997107
1558586245
1560545135
0590243896
0446531030
1416924779
0743434064
2756002879
0873950488
0195208110
3570300005
1423100069
9643621200
1933648821
0714848131
0753820773
002792470X
0553589121
224646711X
0060808241
0848826418
1421515369
0330427504
0783803273
8420468584
0385603894
0143105485
8497644611
0061233064
0330362143
0061927724
3453522974
0816157715
345352165X
1596914270
0786238615
202022075X
059048222X
2851088343
0141029153
1604248564
0808509519
1598184210
0399250824
141782395X
3379017175
0399152229
0739328344
0151001804
0099879700
0684138999
9173710040
0156262908
0446402397
0786246790
2702428754
0316359696
0393029239
0143143379
9026973764
0792712978
038073155X
0099484331
193156177X
1417740515
3787313192
0065017145
0586074457
1572245190
0441568548
000723368X
0679457216
0749908785
1423314522
1434101800
1594099731
0553712292
9026319797
140673263X
0425218309
0394541294
3442462002
0505527936
1434651959
3791018531
3423202769
1417773618
0099472589
1844881245
1420103733
082178028X
2290051853
0375922806
3895080977
0747216215
0739420011
2845383401
0763635316
0345382412
1845763866
2264028912
1879085879
2723443906
0545000122
0199549842
8372554579
1595543767
078629034X
0451522559
0439194253
0143142917
0451152581
0395891124
0520088875
1580086160
1417672625
0786104597
0312485123
3442360129
0374521999
022407301X
272960040X
0425098559
0380780526
3520263033
1400150094
0333439228
226507067X
0061456381
3612251570
0689120192
1593161425
1602833648
0891904832
0865472564
4087712109
0552149705
0743445880
1417754338
0583129854
0786224657
0808577557
1417739770
0553470442
0099410583
044669309X
1595478558
0859912116
0671744224
0380973324
0060752998
8806155725
0807610933
4044292019
0743554248
0745318312
957455905X
1426443897
0739328050
0752819429
2080711253
0060237805
0451462149
1551666995
0671732188
2878270495
2253014990
1433206633
1402213395
0764160834
0743202783
1741665477
2251390464
1421520192
0971822409
0517694174
039333127X
0618569898
1568955502
0582060214
2253932760
0553487833
0385520174
0786284773
8432207314
0606299351
0345247116
0752865161
2871296243
0618800638
0553259695
0606005870
1417754338
0523485107
1400133572
2226117318
1565126076
015110431X
0385736762
0940793776
078628823X
0375937099
0307397491
0764221590
0312360096
1559583126
0898403170
1557732159
1434646394
1850786763
3462032089
0849942500
0312363605
1605200999
0670836222
1417704500
0553478273
0060541865
0399231137
1592403417
0099515067
2080720899
0345502728
0345295242
2010017277
0816512094
0370306821
0688094716
0099429349
1406848190
0195288076
0425108937
0670585564
1400067103
0807217611
1602834245
0752876171
846661382X
3492201741
1569474761
1421927284
0385665180
8806191373
039923490X
0613139461
3442731178
0062511831
042522497X
0198320035
