ISBN
0061566152
0451619536
0671034014
0829747141
0820307009
3421058598
0141323264
1400098696
1417667214
0385425414
0199536333
0450508080
0877953848
0375938540
0912670568
1590172906
0192504681
0192816349
1421901250
2868695124
0920303110
1554680662
0613835298
0446179469
0006724825
0708985211
0060874481
0606079726
1400001439
0425222977
086565011X
0590381989
0061374520
0141384441
0375841695
1575663899
0071592539
8408046195
141766472X
094662660X
1844136795
8374690127
1401398855
0830825770
0590470086
1559706392
1416532528
4592180461
0575040432
0375410112
0786818670
1845882075
0786208929
081254238X
1417785454
0961472839
0007172125
1602852049
0839824866
1932386343
0393332039
207058299X
0330447106
9643631672
5754507208
0757905889
840807248X
0140432256
0374700826
0786287756
0399247092
0060282037
1417618523
1854771175
1434489035
226613812X
1423319710
078511971X
1602833095
2226141820
1433502127
0340837837
0688162797
0786871067
1584858931
1933784571
1417784865
0373510462
3442450632
0453006418
193339790X
0545068649
1400139015
0517144522
0786295988
2020126966
0385418264
0778302431
0393049825
0060186976
2851842234
342400927X
0394883004
2702413390
0399246916
0446513253
0394569768
0446543535
0531057798
2020125269
0385660340
1846075637
0745177107
1585477192
2723428265
0099503220
0754066789
1416592369
1934180106
0764202685
1400155193
0613504143
0701182954
0312147155
0316626430
0451137485
0689840810
2290300969
1604244348
0451224787
0140541942
1598181580
1557048029
0007268653
0060665009
0143114484
0394177975
0822314266
0140541942
0440400422
0263150445
0416177905
0394924924
006104010X
0709077483
0195021290
1564762424
0373096623
1417779322
141773261X
1420101870
0385293755
2253142433
0061253650
031287491X
2267016257
0571089887
0070064016
0808547283
1557360340
3546001443
2859406069
0684814617
1426424302
0373281153
0441382886
0912646896
0671665278
1585472646
8804543167
0755343379
1591093260
0780772318
1599865696
1596914750
1434625885
0783882238
0755327764
055347166X
0816142262
0881030783
8423333779
1569319391
1417665394
1421518643
0446579009
0760773734
0099515148
0517618311
0747220018
0439992478
342324500X
0806111399
0800756487
0385187157
1605041475
0553819860
1400155746
0671878816
0876120540
3455112307
2913661114
0525249265
042522600X
1594931313
1582187924
1857979427
089598962X
0138498946
0060209178
0246107391
1434648087
1436148707
1597899968
1603090193
0674410068
1864761415
156663122X
2859403906
1423356055
1437504744
0749717955
0399232192
0552156159
1569475520
0373254652
1590785339
0684801361
038560176X
0783880340
1410406792
0140328629
0802725708
1593079354
0606341145
0586044051
1419340565
0345301285
1878298186
0307282678
1410405702
2020159112
0061008109
0460874934
0778327124
0385730772
1402763069
1596001399
1436141311
8467022175
078621824X
0061470767
1857151909
0394603397
0543691780
2130468128
0446969478
1576874354
0679886303
0880884347
0744556562
0316109169
1845769287
0471097632
0755113462
1857997220
1568957742
0548028567
057105661X
0007268653
9707321075
1847240747
2742738096
0345318587
0373032889
3898857441
2842054261
0593055608
0747530998
075220369X
1414320477
1417669381
0413408906
0425026884
0006475094
1844074846
3502512957
1740305019
0525935193
9583002542
0812567013
0723233047
0553291947
1417778954
3442054729
067145983X
848936737X
0061649457
0156035340
0140351477
0340029498
0590424122
0385506031
2020332841
145364668X
1588710734
0375836187
0802788742
2702422586
1400052793
0140242783
1863256091
0375416838
1856197115
1557830215
2266036009
1416972242
3499623404
0745122736
0738203858
0434008311
0374270937
0061043621
0972693920
0446617083
0151001936
0470174625
0141035080
0253339324
0816154163
0736924183
8804528826
140684621X
0060550228
1582882967
0373097980
1417774819
0380723239
0593056973
3442434297
0786266759
0345498933
0739312839
1417737689
0394864212
0465069363
067697516X
0670843229
0304321710
3404125606
0739342223
0892965193
1550371894
076535618X
3442249732
0590414267
9707102799
1594627312
0061351857
1597378828
1859848710
0394531892
1597226645
8484490718
0606341714
8804544155
0138071802
0061724335
1416949224
0738211168
0312204965
0701122773
1416540067
0395940397
0375500103
0802837158
0783892918
3827402972
1856863840
0836815726
1417816600
1905716400
8495598647
0394839196
0545041880
0613004698
1604501278
0593061365
1933617837
0752893904
1405660244
1583221425
067131940X
0006387349
0806528230
0606184279
1905294964
1847243347
9044310607
8420617970
344237118X
0739482807
0679736247
2841874141
0618962425
0345433173
4088737741
2840987058
0756901693
0263204782
1920798218
0521422337
0330351974
083714101X
0061149055
0201328410
0816158495
1400155150
0739453564
0618884041
0515067172
0446514063
0679603182
2352941458
1568655924
0676974201
2290304808
0896219836
1591026482
9792206973
0140714138
0151008353
0399109137
1416955127
1594130183
0460068733
0586202692
0553246070
2757807056
1854592203
1891369776
3453130669
1605972568
0380978814
880449381X
0470227397
0385264968
0816148872
0806528230
0618331263
0345220471
0062554182
0553152556
0099483599
0786263164
0670875619
0316018805
0470015799
1417768533
0840791313
034089654X
3548252249
3570301079
0749083883
1406792632
0898156017
0441015913
0723234892
0701127252
0451456858
0345480635
0739335456
0394281276
0575082410
1401218687
0316021814
0060766123
4758051933
031602208X
076422705X
0547053460
1593975384
3498042610
0833525255
3438054086
0312260377
4062631210
0684851911
0880705280
075409099X
0451209885
160024355X
0345467310
1561002321
0394374215
0812400267
0548211078
2718605146
220725075X
0786282916
059048236X
0755338405
315001719X
1423338324
0786235152
